01-10033586:10033674,10033589,10033594,10033595,10037736,10033590,10033593,10042256,10033588,10033592 
02-10036710:10033674,10033589,10033594,10033595,10037736,10033590,10033593,10042256,10033588,10033592 
03-10033587:10033674,10033589,10033594,10033595,10037736,10033590,10033593,10042256,10033588,10033592 
05-10033588:10033586,10033587,10036710
06-10033589:10033586,10033587,10036710
10-10033674:10033586,10033587,10036710
11-10033593:10033586,10033587,10036710
12-10033594:10033586,10033587,10036710
17-10033595:10033586,10033587,10036710




